583.720
342.896
295.703
319.139
300.597
303.790
416.265
306.713
299.962
324.128
305.908
377.964
423.435
322.508
294.127
329.764
573.468
435.326
328.726
311.971
642.975
510.449
670.792
608.969
670.257
551.650
604.793
793.729
656.600
1410.693
713.639
297.580
302.266
323.018
694.536
441.201
702.752
808.829
562.714
586.306
553.639
401.150
349.578
318.631
361.515
421.741
347.596
330.947
296.299
298.505
506.341
312.352
333.374
307.517
299.152
327.532
471.048
303.410
331.414
308.848
299.821
326.006
382.130
296.690
331.300
305.042
332.317
322.619
379.831
308.922
320.996
512.530
297.303
576.980
398.142
699.558
866.586
846.319
839.620
367.546
302.058
660.923
295.709
702.326
833.381
819.833
298.505
333.786
365.638
298.670
336.155
372.458
293.987
370.679
336.849
302.371
416.419
294.063
316.379
495.699
