151.326
181.024
149.429
147.293
139.268
158.380
107.303
129.666
192.019
188.930
244.508
195.446
216.129
195.302
197.235
228.669
230.759
233.884
289.631
726.870
530.258
378.686
104.352
130.951
133.076
230.266
238.571
231.941
162.692
219.764
238.484
207.798
203.774
204.063
213.160
196.633
221.785
214.213
237.484
230.294
206.378
203.710
172.355
193.357
200.735
262.734
466.686
221.364
315.070
273.139
188.283
157.166
160.466
133.927
126.359
201.614
129.564
127.661
143.986
135.080
334.158
105.411
124.155
129.671
143.159
263.232
168.912
154.819
125.363
120.721
172.515
212.060
119.564
122.134
117.919
110.038
108.828
105.946
165.244
129.802
111.838
113.249
132.915
128.664
118.014
226.742
127.974
112.850
104.939
120.802
144.691
125.910
116.854
122.266
121.820
131.214
126.403
126.244
145.175
229.924
